1, 2, 3, 4, 5, 6, 7, 8, 9, 10

10, 9, 8, 7, 6, 5, 4, 3, 2, 1

5, 2, 9, 1, 6, 3, 8, 4, 10, 7

81, 19

56, 12, 87, 3, 67, 41, 25, 92, 10, 77

5, 2, 7, 1, 9, 3, 8, 4, 10, 6

7, 4, 3, 9, 1, 6, 8, 10, 2, 5

8, 3, 10, 5, 1, 9, 7, 2, 6, 4

302, 29, 81, 442, 446, 412, 779, 813, 307, 127, 841, 239, 980, 693, 366, 695, 282, 857, 76, 160, 124, 240, 600, 440, 265, 444, 354, 861, 598, 945, 586, 266, 784, 786, 314, 268, 857, 124, 234, 310, 833, 147, 170, 227, 725, 834, 339, 719, 798, 765, 211, 389, 825, 209, 951, 71, 441, 404, 782, 298, 461, 107, 638, 289, 996, 389, 497, 729, 703, 880, 847, 575, 914, 132, 786, 631, 642, 67, 369, 863, 232, 416, 941

260, 35, 542, 900, 686, 520, 894, 609, 683, 90, 44, 150, 164, 117, 919, 354, 4, 715, 907, 884, 42, 480, 560, 522, 434, 541, 944, 288, 197, 294, 257, 96, 576, 170, 170, 992, 569, 190, 24, 857, 131, 438, 175, 933, 401, 900, 990, 31, 375, 7, 204, 930, 182, 363, 846, 231, 848, 550, 173, 450, 946, 61, 745, 531, 287, 751, 219, 359, 615, 303, 490, 638, 948, 223, 216, 265

38, 94, 33, 86, 57, 25, 7, 35, 34, 53, 61, 67, 74, 10, 68, 65, 33, 2, 60, 39, 62, 81, 87, 5, 24, 4, 28, 74, 2, 39, 23, 49, 5, 70, 61, 6, 81, 52, 7, 50, 66, 92, 25, 32, 45, 11, 2, 37, 49, 47, 7, 45, 24

39, 12, 16, 83, 92, 8, 44, 62, 100, 52, 76, 71, 13, 24, 55, 41, 60, 10, 26, 63, 22, 21, 97, 84, 50, 78, 68, 73, 96, 81, 37, 2, 69

340, 695, 140, 868, 216, 543, 199, 323, 602, 327, 263, 929, 198, 328, 616, 302, 807, 539, 791, 122, 493, 117, 850, 411, 879, 675, 328, 873, 761, 711, 285, 392, 116, 898, 416, 506, 344, 463, 126, 808, 746, 256, 822, 374, 288, 860, 345, 452, 944, 191, 169, 408, 768, 402, 639, 197, 816, 192, 950, 623, 515, 409, 935, 799, 497, 763, 662, 451, 654, 463, 438, 632, 448, 682, 884, 148, 539

82, 86, 11, 72, 25, 36, -81, 70, 25, 87, -59, 7, 70, -1, 32, -60, 67, -46, 9, -98, -16, -40, 25, -11, 55, 79, -98, -95, -30, 64, 42, 64, 75, -86, -80, 21, -82, 75, 58, -6, 3, -5, -91, 84, 93, 4

83, -78, -99, -24, -67, -90, -71, 11, -94, -85, 59, 100, -47, -20, 52, -59, -43, 36, 94, -62, 47, -12, -87, 10, 60, 12, 63, -78, 97, 30, -93, 65, 83, 51, 6, -94, 85, -18, -8

-146, 98, -457, 76, -478, -169, -290, -782, 77, -624, 85, -602, -249, -151, -690, -156, -54, -9, -237, -464, 61, -456, -437, -281, -670

38, 36, 100, -58, -70, 65, 10, 2, -48

-2, 40, 9, 15, -1, 52, 15, 92, -6, 12, 46, 16

84, 30, 28, 94, -10, 33, 63, 86, 31, -2, 52, 15, 30, 14, 6, 15, 24, 52, 71, 12, 97, 31, -7, 64, 88, 5, 67, 49, 23, 87, -1, 99, -5, 44, -4, 12, 52, 62, 96, 31, 1, 49, 39, 73, -2, 74, 6, 10, 65, 86, 42, 23, 7, 93, 72, 9, 84, 57, 43, 1, 16, 39, 57, 95, 4, 22, 65, -4, 33, 87, 73, 95, 64, 52, 80, 9, 61, 51, 14, 37, 42, 88, 39, 0, 16, -9, 57, 49, 96, 11, 26, 17, 80, 41, 41, 43, 94, 64, 48, 16, 48, 15, 50, 0, 48, 93, 2, 97, 94, 16, -10, 71, 68, 94, 31, 84, -5, -4, 96, 69, 69, 55, 0, -3, 63, 21, 10, 90, 5, 93, 57, 76, 86, 98, 71, 57, 95, 89, 100, 96, 36, 35, 44, 31, 80, 10, -4

60, 89, 77, 47, -3, 93, 17, 88, 34, 79, 95, 96, -10, 35, -7, 47, 12, 38, 52, 38, 14, 0, 49, 99, 96, 9, 70, 83, -5, 59, 53, 10, 89, 34, 8, 83, 97, 91, 57, 68, 21, -10, 99, 19, 75, 83, 72, 14, 65, 36, 88, -9, 1, 76, -4, 94, 14, 8, 49, 89, 60, 20, 70, 46, 32, 20, 71, 89, 23, 27, -8, 60, 21, 79, 8, 88, 41, 44, 9, -8, -9, 14, 96, 37, 7, 67, 72, -1, 30, 36, 22, 83, 6, -7, 60, -8, -7, 71, 15, 62, 73, 98, 43, 25, 50, 21, 23, 43, 10, 32, 22, 50, 74, 81, 43, 60, 42, 80, 87, 65, -4, -10, 23, -10, 98, 33, 98, 28, -3, 59, 85, -7, 2, 16, 14, 30, -1, 82, 75, 29, 38, 71, 6, 25, 28, 88, 71, 4, 51, -7, 51, 10, 57, -5, 88, 73, 24, 41, 15, 28, 5, 12, 90, 25, 4, 96, 52, 81, 79, 90, 44, 55, -9, 33, 48, 88, 71, 70, 13, 59, 53, 57, 88, 99, 2, 31, 89, 5, 96, 15, 58, 79, -6, -1, 8, -10, -10, 45, 37, 72, 42, 39, 32, 53, 11, 30, 12, 53, 43, 50, 47, 32, 93, 8, 26, 40, 7, 29, 6, -2, 57, 21, 24, 89, 72, 17, 17, 55, 29, 62, 22, 65, 88, 80, 23, 62, 26, -7, -8, 37, -3, 93, 94, 44, 60, 4, 21, 83, 33, 73, 71, 19, 29, 62, 40, 70, 16, 94, 58, -4, 0, 1, 76, 1, 26, 28, 46, 61, 6, 11, 97, 66, 38, 33, 51, 84, 68, 49, 76, 46, 27, 70, 6, 11, 49, 51, 85, 71, 38, 55, 22, 35, 69, 27, 18, 59, 27, 2, -8, 60, 45, 42, 33, -2, 45, -5, 97, 84, 69, 26, 71, 65, 48, 15, 72, 20, 59, 89, 4, -9, 68, 92, 75, 97, 62, 32, 47, 8, 18, 36, 95, -4, -6, 83, 49, 93, 98, 17, 76, 11, 48, 14, 24, 10, 25, 38, 33, 20, 39, 47, 100, 81, 31, 70, 19, 32, 50, 10, 1, 7, 11, 10, 33, 78, 82, 64, 68, 24, 22, 78, 82, 16, 29, 46, 26, 16, 36, 65, 45, -1, 29, 0, -5, 86, -1, 98, 40, 28, 36, 58, 14, 72, 45, 96, 69, 52, 5, -4, 76, 50, 5, 73, 98, 48, 19, 99, -1, 0, 19, 92, -7, 50, 30, 69, 7, -2, -1, 27, 84, -5, 84, 31, 83, 80, 19, 66, 57, -4, 86, 77, 66, 44, 74, 21, 12, 32, 22, 86, 30, 97, 75, 86, 53, 64, 80, 84, 62, 27, 32, 51, 81, 53, 87, 78, 67, 25, 34, 92, 4, 98, 72, 61, -6, 11, 70, 100, 53, 85, 35, 75, 8, 4, 57, 88, 88, 0, 75, 17, 95, 83, 12, 82, 67, 63, 0, 83, 84, 81, 34, 39, 40, 25, -1, -8, 100, 47, 76, 47, 10, 6, 36, 87, 93, 92, 9, 62, 93, 75, 32, 54, 53, 84, -7, 4, 32, 62, 25, 58, 74, 10, 49, 8, 5, 29, 9, 74, 53, 16, 54, 38, 63, 5, 85, 78, 93, 34, 61, 14, 15, 67, -7, 12, 68, -4, 28, -10, 28, 33, -4, 100, 31, 67, 52, -3, 42, 97, 54, 77, -5, 90, 89, 39, 73, -4, 16, 8, 80, 44, 10, 89, 0, 100, -9, 98, 52, 1, 45, 57, 81, 99, 62, 85, 86, 26, 64, 44, 98, 48, 72, 14, 67, 27, 46, 2, 13, -6, 96, 91, 10, 5, 69, 70, 82, -1, 51, 55, 23, 21, 64, 77, 46, -6, 91, 51, 20

5, 9, 13, 2, 1, 5, 11, 5, 1, 2, 13, 9, 5

-57, 80, 29, -55, 12, 49, -50, 18, 56, 61, 15, 90, -6, 34, 59, -37, -70, 76, -99, -46, -94, 20, -96, 88, 5, 19, 21, -60, -79, 28, 46, -26, -60, -51, 41, -80, -28, 39, 78, 37, -77, 56, 45, -14, 32, -49, 66, 38, 79, 45, -90, 10, 15, 89, 36, -66, 18, 86, -16, -40, 18, -54, 37, 18, 2, -79, 18, 7, -83, 82, 90, 16, -51, 84, 8, 96, 38, -47, -62, 48, -74, -6, -56, 3, -69, -80, 61, -99, -84, 86, -10, -99, -42, -55, 4, 28, 66, -49, 98, 31, 31, -23, -74, -3, 21, 22, 83, -4, 77, 7, -12, 5, -75, 3, 90, 21, 29, 71, -90, -6, 46, 70, 37, -94, 6, -61, -91, -5, -90, -11, 33, -28, -7, -71, -71, 8, -65, -3, -59, 61, 34, -69, 5, 87, -27, 27, -51, -32, 36, 78, -60, 81, -12, 30, 90, -82, 48, -99, 47, -26, 0, 10, 28, 56, -34, 76, 39, 72, 41, 74, -56, 100, 76, 99, 70, -57, -40, -14, -29, -94, -29, -42, 6, -40, 38, -22, 90, 64, -96, 0, -36, -66, 25, 80, -28, 57, 78, -14, 12, 58, -49, 34, -8, 51, -53, 9, -21, -14, 61, -70, -100, 31, -27, -56, -6, 40, 83, -41, -10, 34, -43, 33, 47, -24, -76, 19, 30, 61, -99, 21, -6, -75, -8, -71, -46, 100, -76, 44, 35, 5, 78, -52, -52, 69, 37, 49, 95, -19, -6, 42, -14, 29, -65, -63, 72, 5, 56, 9, -61, -5, -75, -47, 95, 20, -65, 50, 43, 61, -79, -74, 87, -23, -39, 76, 14, -97, -59, -41, 100, 88, -74, 95, 5, -29, -84, -73, -8, -77, 39, 78, -22, 13, 70, 37, 85, 26, -14, -99, -87, -86, -4, 78, 32, -13, -20, -26, 27, 30, -52, -13, -81, 60, 69, -84, -24, 44, 57, 24, -65, 42, 0, 20, 2, 20, -83, -35, 4, -60, -46, -46, -71, -2, -2, -69, -24, 41, 51, -12, 25, 10, 24, -51, -76, 55, -35, 41, 35, 82, -46, -24, -5, 4, 27, 18, -100, -24, 69, 94, -74, 99, -74, -58, 79, -3, 75, 85, 58, -3, 31, -5, 8, -88, 89, 17, 32, 51, 2, 0, 91, -6, -26, 16, -16, -66, -42, -87, -51, -29, -37, -5, 49, 39, -74, -39, -12, 28, -36, 50, 27, 33, -16, 87, -87, 92, 86, -34, 54, -5, 65, 79, 36, 73, 74, 46, 17, -67, 8, -96, -74, -4, -75, -76, 91, 92, 40, -24, -19, -37, 33, 85, 70, 67, 99, -65, -79, -29, 27, 52, 51, -17, -89, 77, -90, 44, -8, -61, 84, -22, 78, 5, -51, 92, 33, -61, 63, 75, 54, 93, -75, 31, -14, -50, 66, 90, -100, 90, 34, 31, -29, 63, 37, -29, -69, -8, -5, 70, 96, -3, -99, 61, 5, -86, 18, -86, 10, -3, -84, -98, -78, -21, -31, 74, -46, 54, -41, -98, 57, 16, -8, 60, -61, -64, -57, 87, 47, 79, -22, -39, -90, -56, -85, -46, 82, 24, -12, 56, -7, -54, 28, 22, -49, 26, 14, -91, -39, -41, -23, 6, 18, -12, -7, -21, -57, -50, -29, -17, 58, 37, -98, -70, 63, -62, 98, 99, 37, 42, 94, 71, 90, 44, -69, 73, 2, -92, 58, 76, -43, -38, -7, -68, 90, -29, 97, -79, 98, 83, -68, -47, -34, -30, 74, 69, -76, 90, 6, 11, -72, 42, -88, -49, 73, 58, 4, 75, -5, 22, 37, 10, 70, 25, -53, 83, -4, -21, -61, 79, -24, 11, 11, -77, -69, -2, 27, 45, 54, 56, -67, 55, -67, -52, -93, -36, 9, -18, 2, 12, -71, -21, -18, -13, 10, -45, 73, -43, -42, -47, 56, 62, -88, -5, -12, 45, -51, -64, 1, -98, -44, -38, 96, 84, 52, 36, -43, 21, -16, -30, -100, -11, -73, 81, 95, 38, 41, -88, -30, -83, -33, 64, 10, -24, -36, 17, -28, 42, -54, -16, 17, -35, -57, 60, -35, -92, -74, 82, 88, -71, 69, -96, 40, -53, -32, -70, -40, -32, 4, -53, 99, 88, -41, 90, -41, -70, -67, 17, 72, -51, -61, -24, -89, 55, 34, -20, 59, -13, 50, 6, 81, 96, 46, 90, 89, 86, 54, -93, 33, 56, -68, -7, 73, -75, 28, 40, 99, -32, -9, -35, -96, -51, 97, 95, -92, -53, -8, 90

56, -23, 14, 45, 72, 89, 51, 0, 64, 17, 25, -22, -14, 52, -5, 30, 36, -72, 14, 85, -60, 95, 10, -12, -58, -17, 46, 16, -26, 71, -63, 81, 54, -19, 45, 100, -2, -8, 34, -26, -28, 54, 81, 35, -57, -38, 94, -99, 29, 87, -86, 14, -87, 53, -8, 24, -52, 86, 22, -75, 98, 35, -21, -96, -34, 94, -61, -27, 28, 10, -69, -40, 71, 32, 76, -78, -66, 83, 90, 37, 61, 9, -30, -42, -61, 14, -94, 79, 19, -78, 54, -49, -14, -96, -10, -24, 43, -89, -92, -34, -83, 45, 3, 24, 62, -62, -20, -54, -42, 85, 67, -25, -65, 16, 71, 60, 100, 64, -77, -15, -72, 50, -9, -3, -94, -9, -96, -72, 10, -7, -4, -50, -99, 74, 81, 100, 92, -64, -76, 34, -18, -47, 49, -100, 39, 73, 81, -13, -100, -19, -90, 79, 19, 11, -8, -29, -80, 44, 21, -35, -52, 36, -86, 35, 59, -17, 28, -56, 10, 40, -76, 24, 99, 62, -4, -6, -26, 23, 22, 30, 81, 5, 24, 34

-30, 25, 13, -6, -45, -6, 23, -33, 26, -32, -2, -30, -23, 21, -23, 20, 6, -4, 35, 36, -46, -23, -10, -15, -43, -23, -15, -21, -26, 34, 21, -6, -36, 1, 10, -3, 13, -39, -45, 3, -29, -5, 38, -11, 36, -2, 18, 12, -9, 9, -19, 24, -41, 23, 3, -27, 23, -44, 0, 29, -7, 19, -30, 40, 37, 23, -47, 39, 1, 10, 36, -7

-44, -26, -44, 35, -5, 24, -35, 19, 31, 1, -41, -17, -45, -25, -34, -44, 2, -5, -24, -41, -42, 0, -33, 9, 28, -40, -8

21, 33, 35, -11, -6, 9, -32, -9, 34, 13, -20, -31, -25, -47, 33, -35

-16, -18, -45, 2, -22, -40, 37, -7, 15, -36, 33, -14, 35, 29, 40, -38, 23, -37, -23, 35, -38, -26, 3, 33, -11, 24, -48, 12, -7, 16, 35, -16, -26, -19, -23, 0, -8, 36, 30, 16, -4, 19, -22, -29, -28, -32, -22, 16, 28, -22, -25, -36, 32, -42, -16, 32, -19, -42, 16, -1, -44, 32, -48, 10, -11, 31, 19, 24, -41, -8, 5, -26, -31, -41, -48, -27, -40, 28, 14, -37, -25, -26, 7, -44, -32, -33, -30, 1, -24, 5, 9, 17, 27, -43, -36, 40, 26

42, 19, 44, 46, 4, 42, 15, 4, 49, 27, 12, 10, 2, 19, 29, 11, 49, 50, 29, 30, 13, 45, 31, 21, 28, 29, 16, 17, 24, 49, 1, 20, 12, 43, 18, 2, 37, 14, 13, 44, 17, 18, 18, 32, 31, 33, 25, 25, 10, 11, 8, 8

42, 36, 39, 43, 17, 50, 49, 14, 31, 19, 35, 31, 18, 33, 7, 47, 47, 49, 13, 43, 50, 27, 43, 47, 25, 17, 3, 38, 32, 36, 8, 25, 41, 6, 20, 37, 26, 44, 36, 28

5, 5, 5, 5, 5, 5, 5, 5, 5, 5, 5, 5, 5, 5
